45

556,1936,3811
2101,1824,4484
2336,613,2856
1850,1591,1339
1138,3775,3576
951,4528,3062
3350,2978,2277
1898,358,1155
2649,1734,3689
1758,2517,2598
1198,1021,1491,3930
3562,89,4824,4305
2727,4944,3645,4046
3129,3082,4035,652
3036,4332,4429,4502
1713,3116,2188,3335
4654,3033,3781,3382
2498,947,4605,3664
4093,1451,3589,2047,4968
1031,3976,3753,3697,4587
1301,895,1536,209,279
3827,1449,2803,3886,2594
2693,3126,4986
1428,1108,4986,1018,2693
1428,1108,4986,4806,1610,2596,2693
1953,2047,3485,4698,3929
891,3241,4777,1073,874
1994,4316,2798,314,2916
2596,2693,3126,4986,4806
1613,4673,3301,1596,1146,3779
3514,1638,2665,1209,1743,2681
411,2286,2124,2089,978,1187
2019,1633,940,1754,1288,1686
1048,2689,461,4700,369,1708
1929,4969,846,4073,1899,244
2499,1165,498,3710,4008,4131
1042,3290,1256,3731,2558,3584
3817,1600,3408,1197,4378,2811
4691,781,1257,4876,1404,930
714,1794,4100,2536,2275,470,4357
4193,1718,4683
4193,1718,4683,1830,3678
4193,3686,4977,1718,4683
4193,3686,4977,1718,4683,1830,3678
