673126,12345678901234563123123123123425435463452342337128737812783127857834758238741283891274783457894698548934582394823947827835y83456754673489723187893212222222222222222222222222222222222222222222222222222222222222222222222222222222222222222222222222222222222222222222222222222222222222222222222222222222222222222222222222222222222222222222222222222222222222222222222222222222222222222222222222222222222222222222222222222222222222222222222222222222222222222222222222222222222221273847890123456789012,100
675434,64125,100
75231,12345678901234563123123123123425435463452342337128737812783127857834758238741283891274783457894698548934582394823947827835y83456754673489723187893212222222222222222222222222222222222222222222222222222222222222222222222222222222222222222222222222222222222222222222222222222222222222222222222222222222222222222222222222222222222222222222222222222222222222222222222222222222222222222222222222222222222222222222222222222222222222222222222222222222222222222222222222222222222221273847890123456789012,100
12345678901234563123123123123425435463452342337128737812783127857834758238741283891274783457894698548934582394823947827835y83456754673489723187893212222222222222222222222222222222222222222222222222222222222222222222222222222222222222222222222222222222222222222222222222222222222222222222222222222222222222222222222222222222222222222222222222222222222222222222222222222222222222222222222222222222222222222222222222222222222222222222222222222222222222222222222222222222222221273847890123456789012,3612548,100
47123,675434,100
3612548,3127839,100
64125,75231,100
3127839,10,100
10,675434,100
675434,673126,100
12345678901234563123123123123425435463452342337128737812783127857834758238741283891274783457894698548934582394823947827835y83456754673489723187893212222222222222222222222222222222222222222222222222222222222222222222222222222222222222222222222222222222222222222222222222222222222222222222222222222222222222222222222222222222222222222222222222222222222222222222222222222222222222222222222222222222222222222222222222222222222222222222222222222222222222222222222222222222222221273847890123456789012,47123,100

